0.316630 0.825890 0.980500 0.257730 0.430910 0.610100 0.676110 0.175530 0.028950 0.378100 
0.272660 0.102220 0.655950 0.435920 0.810480 0.593820 0.059070 0.305240 0.073150 0.376150 
0.032200 0.363910 0.098150 0.468340 0.383440 0.734570 0.112600 0.359980 0.289110 0.749110 
0.709430 0.855070 0.772300 0.183050 0.007480 0.315580 0.839230 0.933040 0.563590 0.461410 
0.905040 0.049960 0.830950 0.254280 0.775220 0.866970 0.311300 0.077470 0.431600 0.387310 
0.497070 0.111630 0.000290 0.097080 0.111580 0.860100 0.594310 0.028600 0.769150 0.443950 
0.940180 0.505030 0.317810 0.432310 0.702550 0.621390 0.610690 0.298910 0.289260 0.148950 
0.626850 0.479420 0.336870 0.042640 0.433530 0.563070 0.742410 0.344140 0.472170 0.897430 
0.834050 0.021220 0.546520 0.394290 0.473300 0.722760 0.220570 0.343700 0.519730 0.892810 
0.602850 0.485430 0.167080 0.367380 0.529490 0.575310 0.152970 0.533550 0.477550 0.980030 
0.188660 0.738150 0.967700 0.593200 0.220790 0.305710 0.311130 0.715800 0.752350 0.104400 
0.819510 0.982230 0.493370 0.809060 0.680110 0.920210 0.389740 0.621530 0.683610 0.739360 
0.485160 0.028470 0.613940 0.976360 0.322880 0.944930 0.459720 0.395030 0.678420 0.088130 
0.346840 0.010620 0.993540 0.944010 0.093970 0.887620 0.399910 0.323630 0.267580 0.968280 
0.100680 0.713430 0.954340 0.045810 0.344840 0.628410 0.066210 0.964390 0.411810 0.303700 
0.522290 0.284880 0.301590 0.644080 0.689760 0.834210 0.036330 0.991170 0.728820 0.326280 
0.980850 0.368600 0.059420 0.106760 0.116060 0.288830 0.362880 0.177740 0.854050 0.420710 
0.880850 0.345910 0.076990 0.334690 0.432070 0.392070 0.011300 0.776350 0.407050 0.589500 
0.943680 0.475950 0.231420 0.339460 0.546820 0.780160 0.507250 0.170020 0.699520 0.356210 
0.688520 0.852490 0.028370 0.579060 0.698020 0.043640 0.748900 0.723500 0.343570 0.600470 
